1206.0
1435.0
1469.0
1485.75
1431.4
1394.0
1391.857142857143
1231.25
1261.6666666666667
1289.2
1301.0
1153.4
1051.4
986.8
951.8
864.6
892.9
1035.7
1051.5
1018.0
986.9
1018.4
1028.6
965.5
977.4
1038.3
919.3
880.8
827.5
731.3
771.4
813.7
794.7
792.2
711.5
667.2
706.1
677.8
682.5
717.4
726.7
716.7
766.1
884.8
946.9
982.9
983.8
1103.6
1088.0
1143.7
1139.4
1106.0
1133.7
1170.6
1244.5
1216.3
1239.6
1079.3
1066.2
993.2
935.9
1020.5
950.0
937.2
923.4
999.4
1065.2
1210.6
1243.7
1335.8
1440.7
1367.1
1412.2
1364.2
1391.6
1391.8
1360.2
1254.7
1389.3
1421.8
1350.0
1338.6
1346.0
1294.1
1208.8
1247.3
1196.6
1231.5
1080.5
991.8
1034.6
1208.1
1201.0
1310.8
1395.4
1294.2
1297.1
1257.5
1233.1
1252.2
1143.5
976.2
1035.1
989.0
877.9
861.1
836.5
860.1
900.4
892.1
956.7
1055.3
1054.4
1090.5
1174.5
1254.2
1285.1
1314.3
1277.2
1277.9
1230.6
1149.7
1116.2
1115.3
1096.9
1117.3
1070.6
1024.9
1048.6
1088.6
1089.7
1092.3
1046.7
930.6
927.0
821.1
882.6
848.3
794.3
751.9
729.7
786.7
803.1
882.0
793.2
785.9
738.5
786.1
866.1
860.6
940.9
897.6
926.6
882.1
990.0
1061.8
1071.8
1115.3
1108.9
1077.3
980.0
939.3
899.9
930.3
893.4
946.7
1008.6
939.3
965.4
1091.9
1152.8
1234.5
1284.1
1290.8
1291.5
1220.7
1211.9
1302.6
1276.4
1267.0
1324.5
1374.5
1318.6
1345.5
1338.8
1324.5
1307.8
1204.9
1244.1
1165.4
1136.7
1073.0
1091.0
1073.2
1054.7
999.3
941.2
914.8
818.7
769.8
707.3
626.5
597.3
523.3
481.5
504.0
476.5
492.7
459.6
468.7
441.4
490.1
493.3
500.3
509.5
583.1
656.0
740.9
840.9
930.7
1061.7
1142.9
1239.3
1330.8
1441.8
1421.6
1471.4
1486.4
1515.0
1533.2
1545.9
1470.4
1443.1
1442.3
1451.8
1439.9
1376.0
1343.9
1312.6
1292.0
1234.7
1298.5
1317.4
1285.7
1245.1
1212.5
1275.7
1307.0
1325.3
1307.4
1306.6
1305.3
1305.3
1336.5
1367.8
1393.7
1268.2
1236.4
1197.9
1137.3
1097.4
1068.0
1034.2
950.8
950.9
936.6
982.7
981.6
985.9
1082.8
1121.6
1097.4
1093.4
1110.0
1004.7
1060.5
1140.3
1102.7
1121.4
1022.5
1021.9
988.3
992.2
1009.7
1077.5
1132.1
1145.2
1165.0
1102.4
1145.1
1146.1
1178.8
1179.9
1163.5
1164.5
1081.6
1068.6
1059.8
1101.0
1135.5
1181.9
