1206.0
1435.0
1469.0
1485.75
1431.4
1394.0
1391.857142857143
1231.25
1261.6666666666667
1289.2
1301.0
1153.4
1051.4
986.8
951.8
864.6
892.9
1035.7
1051.5
1018.0
986.9
1018.4
1028.6
965.5
977.4
1038.3
919.3
880.8
827.5
731.3
771.4
813.7
794.7
792.2
711.5
667.2
706.1
677.8
682.5
717.4
726.7
716.7
766.1
884.8
946.9
982.9
983.8
1103.6
1088.0
1143.7
1139.4
1106.0
1133.7
1170.6
1244.5
1216.3
1239.6
1079.3
1066.2
993.2
935.9
1020.5
950.0
937.2
923.4
999.4
1065.2
1210.6
1243.7
1335.8
1440.7
1367.1
1412.2
1364.2
1391.6
1391.8
1360.2
1254.7
1389.3
1421.8
1350.0
1338.6
1346.0
1294.1
1208.8
1247.3
1196.6
1231.5
1080.5
991.8
1034.6
1208.1
1201.0
1310.8
1395.4
1294.2
1297.1
1257.5
1233.1
1252.2
1143.5
976.2
1035.1
989.0
877.9
861.1
836.5
860.1
900.4
892.1
956.7
1055.3
1054.4
1090.5
1174.5
1254.2
1285.1
1314.3
1277.2
1277.9
1230.6
1149.7
1116.2
1115.3
1096.9
1117.3
1070.6
1024.9
1048.6
1088.6
1089.7
1092.3
1046.7
930.6
927.0
821.1
882.6
848.3
794.3
751.9
729.7
786.7
803.1
882.0
793.2
785.9
738.5
786.1
866.1
860.6
940.9
897.6
926.6
882.1
990.0
1061.8
1071.8
1115.3
1108.9
1077.3
980.0
939.3
899.9
930.3
893.4
946.7
1008.6
939.3
965.4
1091.9
1152.8
1234.5
1284.1
1290.8
1291.5
1220.7
1211.9
1302.6
1276.4
1267.0
1324.5
1374.5
1318.6
1345.5
1338.8
1324.5
1307.8
1204.9
1244.1
1165.4
1136.7
1073.0
1091.0
1073.2
1054.7
999.3
941.2
914.8
818.7
769.8
707.3
626.5
597.3
523.3
481.5
504.0
476.5
492.7
459.6
468.7
441.4
490.1
493.3
500.3
509.5
583.1
656.0
740.9
840.9
930.7
1061.7
1142.9
1239.3
1330.8
1441.8
1421.6
1471.4
1486.4
1515.0
1533.2
1545.9
1470.4
1443.1
1442.3
1451.8
1439.9
1376.0
1343.9
1312.6
1292.0
1234.7
1298.5
1317.4
1285.7
1245.1
1212.5
1275.7
1307.0
1325.3
1307.4
1306.6
1305.3
1305.3
1336.5
1367.8
1393.7
1268.2
1236.4
1197.9
1137.3
1097.4
1068.0
1034.2
950.8
950.9
936.6
982.7
981.6
985.9
1082.8
1121.6
1097.4
1093.4
1110.0
1004.7
1060.5
1140.3
1102.7
1121.4
1022.5
1021.9
988.3
992.2
1009.7
1077.5
1132.1
1145.2
1165.0
1102.4
1145.1
1146.1
1178.8
1179.9
1163.5
1164.5
1081.6
1068.6
1059.8
1101.0
1135.5
1181.9
1263.3
1261.7
1340.6
1338.7
1371.9
1314.8
1304.3
1269.6
1260.3
1172.2
1074.3
1028.3
1016.1
1053.9
975.5
994.5
1065.6
1137.8
1101.0
1176.4
1144.1
1152.4
1152.4
1153.1
1217.2
1255.2
1255.2
1255.1
1268.3
1234.9
1261.0
1225.4
1191.8
1155.6
1193.7
1111.4
1111.5
1036.0
1050.2
1083.3
1161.8
1269.7
1303.2
1268.4
1268.2
1318.3
1284.5
1359.7
1399.9
1399.8
1362.1
1362.1
1281.4
1352.4
1316.2
1249.8
1283.4
1250.5
1250.5
1217.6
1255.3
1255.3
1335.9
1297.4
1301.0
1328.7
1266.6
1193.0
1135.1
1109.2
999.8
896.8
854.9
893.2
826.4
816.7
843.8
963.5
1021.6
1040.2
1149.6
1188.4
1151.5
1080.9
1092.9
1145.8
1146.5
1133.5
1099.2
1055.7
1008.3
1072.6
1115.0
1185.8
1273.6
1288.6
1304.0
1228.4
1194.7
1244.2
1224.8
1144.1
1180.8
1146.3
1101.0
1076.6
1035.5
1033.7
1063.9
1064.1
1128.4
1140.1
1032.3
1066.2
1038.4
972.4
1032.3
1075.5
1072.1
1072.7
1041.4
1032.9
1120.8
1066.0
1139.0
1232.6
1177.9
1166.0
1196.7
1131.5
1072.7
1018.4
901.6
826.7
698.1
645.4
593.4
491.7
362.7
368.2
360.0
409.2
451.8
447.3
423.9
336.3
289.5
363.4
467.5
434.4
459.6
458.9
508.9
589.7
650.1
710.4
808.4
788.9
790.3
843.1
827.8
785.0
726.3
646.7
654.6
701.6
670.5
718.8
692.9
722.8
781.0
810.3
834.6
887.5
885.9
886.6
918.3
903.7
906.2
819.0
787.1
769.9
756.5
798.3
902.7
943.9
953.9
1013.1
1000.9
1139.4
1055.0
1098.7
1159.8
1125.2
1089.9
1089.4
1199.4
1130.5
1128.6
1127.7
1289.4
1399.9
1319.0
1306.1
1385.5
1389.3
1323.0
1315.9
1372.5
1307.3
1284.1
1184.6
1232.0
1248.6
1188.3
1179.1
1195.5
1312.5
1303.7
1514.3
1419.4
1556.0
1521.0
1456.4
1320.5
1207.5
1089.5
976.7
959.1
821.0
847.8
738.2
845.8
931.5
1020.6
1009.4
986.9
959.5
894.6
778.2
814.8
714.2
590.8
530.4
443.1
441.2
515.9
488.1
466.5
505.2
499.0
537.1
551.8
637.4
721.6
838.5
752.5
829.9
823.4
818.3
815.9
779.1
778.3
743.0
690.3
597.3
638.3
598.7
598.4
578.2
499.4
606.0
578.8
593.7
609.4
585.8
548.5
510.2
511.6
521.9
666.1
623.7
692.2
765.0
776.9
889.9
945.0
1003.4
1008.4
998.2
847.8
817.1
742.5
583.2
552.4
449.3
413.5
379.0
395.5
386.6
403.5
390.4
457.0
487.1
460.2
480.3
474.6
478.2
458.3
426.5
413.3
426.6
362.0
381.2
403.4
433.4
487.4
453.9
534.8
540.0
617.2
676.2
733.1
818.8
805.4
762.8
723.5
733.9
697.8
701.8
618.4
574.3
542.0
408.5
546.4
614.0
706.1
855.5
886.0
921.3
952.5
943.7
963.9
1032.9
985.8
1033.4
955.9
885.2
807.5
814.1
909.4
905.1
869.1
805.1
776.9
683.9
659.3
676.2
776.4
880.6
814.9
842.3
951.6
997.1
1046.4
1072.7
1165.3
1147.6
1163.3
1119.5
1179.0
1177.6
1154.4
1165.4
1174.2
1251.7
1239.5
1218.3
1209.8
1225.8
1184.0
1199.4
1205.8
1283.3
1228.5
1152.4
1213.6
1200.0
1158.0
1096.8
1098.5
1061.7
1110.2
1113.5
1143.9
1234.3
1177.6
1201.3
1173.5
1199.5
1209.4
1252.8
1149.5
1081.1
1039.9
936.3
897.7
888.4
925.7
936.0
863.0
845.5
943.2
939.8
971.4
971.5
986.6
1055.4
1045.2
1017.5
1045.9
1044.0
991.5
1028.8
1001.0
993.5
1018.6
961.0
976.3
1001.6
1047.0
1050.6
1026.4
960.0
925.8
926.6
820.0
783.2
754.3
681.3
637.8
619.1
592.3
613.1
634.3
620.0
711.6
709.3
659.4
749.3
769.0
777.8
794.3
779.7
781.4
805.8
749.5
740.2
856.9
797.5
822.9
868.6
884.8
889.6
962.5
947.2
1046.8
1060.5
1063.1
1089.8
1090.1
1104.8
1105.6
1137.8
1049.3
1079.1
988.4
1033.7
1016.6
1030.2
1030.9
1011.2
1069.2
1085.1
1138.9
1118.0
1209.9
1188.6
1238.1
1238.5
1213.0
1271.5
1177.6
1187.8
1223.0
1272.9
1174.9
1240.3
1184.4
1182.1
1225.4
1174.3
1228.3
1216.4
1203.7
1188.3
1224.8
1224.7
1230.2
1263.5
1210.8
1205.4
1187.8
1173.2
1171.4
1178.3
1238.2
1212.1
1178.6
1082.7
1102.6
1047.0
972.5
901.7
816.4
798.5
734.4
625.3
602.2
643.4
623.4
649.6
734.1
794.3
861.8
831.3
771.0
783.5
811.6
775.9
731.0
741.6
751.0
700.8
689.1
694.2
723.3
782.2
757.6
816.7
913.1
899.8
889.1
955.6
959.2
964.2
1046.0
1076.3
1107.4
1100.5
1091.9
1085.9
1093.3
1065.9
985.1
991.4
951.1
911.7
932.5
929.3
912.1
901.3
887.0
889.3
930.2
950.4
936.7
950.1
920.8
974.8
1084.5
1187.7
1262.7
1328.2
1411.4
1449.8
1464.9
1526.5
1567.6
1570.7
1514.2
1466.9
1408.1
1375.1
1262.7
1196.5
1201.3
1128.6
1059.5
1022.6
991.4
962.8
939.3
971.3
1015.5
1022.9
1055.8
1056.0
1104.6
1039.1
991.1
965.2
936.9
796.8
716.3
644.2
516.2
454.9
421.8
409.9
390.3
415.7
403.1
435.8
482.8
549.4
595.5
619.1
612.3
642.4
638.8
595.6
670.6
706.0
753.0
767.2
804.3
850.5
880.1
903.9
925.7
949.6
919.4
943.3
913.1
901.2
930.7
919.9
869.6
846.3
808.9
780.0
762.2
680.3
697.0
689.8
618.4
607.6
640.6
648.4
692.4
725.1
710.0
775.9
775.9
801.5
800.6
829.5
821.6
794.6
811.7
835.0
800.7
845.9
805.7
788.1
783.0
773.2
807.0
794.5
748.0
739.6
786.4
752.9
771.8
793.1
839.0
816.1
746.7
748.9
756.9
711.2
721.5
671.4
655.1
638.8
636.7
664.6
685.2
680.2
