1206.0
1664.0
1537.0
1536.0
1214.0
1207.0
1379.0
107.0
1505.0
1537.0
1324.0
188.0
517.0
890.0
864.0
335.0
1662.0
1535.0
1663.0
1202.0
1013.0
503.0
619.0
259.0
983.0
944.0
472.0
1150.0
1130.0
240.0
1414.0
926.0
429.0
234.0
176.0
501.0
861.0
867.0
1177.0
589.0
1507.0
826.0
923.0
1421.0
797.0
861.0
870.0
2065.0
1021.0
1146.0
1464.0
492.0
1200.0
1790.0
1536.0
579.0
1103.0
462.0
890.0
416.0
891.0
1338.0
495.0
1662.0
1398.0
1339.0
1761.0
1916.0
1221.0
1337.0
1940.0
602.0
946.0
1182.0
1672.0
1341.0
1445.0
861.0
2567.0
1662.0
1222.0
488.0
1020.0
663.0
819.0
1726.0
938.0
1210.0
1057.0
775.0
1650.0
2223.0
949.0
1761.0
1665.0
714.0
967.0
814.0
813.0
966.0
563.0
550.0
1538.0
1300.0
554.0
546.0
721.0
1050.0
1216.0
883.0
1209.0
1536.0
1529.0
1661.0
1394.0
1343.0
1030.0
1342.0
845.0
890.0
736.0
727.0
1194.0
1652.0
1210.0
1547.0
563.0
885.0
1082.0
1290.0
747.0
753.0
738.0
491.0
1174.0
488.0
1178.0
542.0
542.0
866.0
525.0
1323.0
902.0
1280.0
286.0
415.0
704.0
1018.0
1342.0
811.0
1328.0
890.0
1192.0
835.0
1365.0
1133.0
804.0
1453.0
1278.0
495.0
355.0
483.0
798.0
1139.0
996.0
1666.0
1423.0
760.0
1539.0
1760.0
964.0
1300.0
1294.0
1206.0
1003.0
958.0
1335.0
1667.0
1277.0
1666.0
1539.0
1800.0
735.0
1475.0
936.0
815.0
1168.0
638.0
1669.0
879.0
1252.0
1163.0
915.0
1297.0
751.0
261.0
587.0
374.0
708.0
390.0
627.0
355.0
623.0
557.0
333.0
486.0
312.0
536.0
377.0
481.0
354.0
842.0
655.0
627.0
425.0
1222.0
1041.0
1385.0
1377.0
1379.0
1664.0
1654.0
1619.0
1542.0
1535.0
1020.0
1539.0
1535.0
1663.0
1561.0
1791.0
899.0
1346.0
1534.0
1630.0
901.0
900.0
1214.0
1350.0
1355.0
1218.0
1537.0
1535.0
1217.0
1224.0
575.0
1532.0
1527.0
1533.0
1176.0
1210.0
1524.0
1535.0
1529.0
1537.0
834.0
277.0
1209.0
1148.0
570.0
811.0
1230.0
1197.0
695.0
1538.0
691.0
738.0
1198.0
1191.0
1539.0
1199.0
988.0
1157.0
861.0
485.0
1249.0
1536.0
822.0
1378.0
550.0
1193.0
652.0
1196.0
1036.0
1163.0
1795.0
1667.0
1020.0
752.0
977.0
1203.0
979.0
1207.0
872.0
1173.0
966.0
1537.0
932.0
1164.0
1322.0
1667.0
