1206.0
1664.0
1537.0
1536.0
1214.0
1207.0
1379.0
107.0
1505.0
1537.0
1324.0
188.0
517.0
890.0
864.0
335.0
1662.0
1535.0
1663.0
1202.0
1013.0
503.0
619.0
259.0
983.0
944.0
472.0
1150.0
1130.0
240.0
1414.0
926.0
429.0
234.0
176.0
501.0
861.0
867.0
1177.0
589.0
1507.0
826.0
923.0
1421.0
797.0
861.0
870.0
2065.0
1021.0
1146.0
1464.0
492.0
1200.0
1790.0
1536.0
579.0
1103.0
462.0
890.0
416.0
891.0
1338.0
495.0
1662.0
1398.0
1339.0
1761.0
1916.0
1221.0
1337.0
1940.0
602.0
946.0
1182.0
1672.0
1341.0
1445.0
861.0
2567.0
1662.0
1222.0
488.0
1020.0
663.0
819.0
1726.0
938.0
1210.0
1057.0
775.0
1650.0
2223.0
949.0
1761.0
1665.0
714.0
967.0
814.0
813.0
966.0
563.0
550.0
1538.0
1300.0
554.0
546.0
721.0
1050.0
1216.0
883.0
1209.0
1536.0
1529.0
1661.0
1394.0
1343.0
1030.0
1342.0
845.0
890.0
736.0
727.0
1194.0
1652.0
1210.0
1547.0
563.0
885.0
1082.0
1290.0
747.0
753.0
738.0
491.0
1174.0
488.0
1178.0
542.0
542.0
866.0
525.0
1323.0
902.0
1280.0
286.0
415.0
704.0
1018.0
1342.0
811.0
1328.0
890.0
1192.0
835.0
1365.0
1133.0
804.0
1453.0
1278.0
495.0
355.0
483.0
798.0
1139.0
996.0
1666.0
1423.0
760.0
1539.0
1760.0
964.0
1300.0
1294.0
1206.0
1003.0
958.0
1335.0
1667.0
1277.0
1666.0
1539.0
1800.0
735.0
1475.0
936.0
815.0
1168.0
638.0
1669.0
879.0
1252.0
1163.0
915.0
1297.0
751.0
261.0
587.0
374.0
708.0
390.0
627.0
355.0
623.0
557.0
333.0
486.0
312.0
536.0
377.0
481.0
354.0
842.0
655.0
627.0
425.0
1222.0
1041.0
1385.0
1377.0
1379.0
1664.0
1654.0
1619.0
1542.0
1535.0
1020.0
1539.0
1535.0
1663.0
1561.0
1791.0
899.0
1346.0
1534.0
1630.0
901.0
900.0
1214.0
1350.0
1355.0
1218.0
1537.0
1535.0
1217.0
1224.0
575.0
1532.0
1527.0
1533.0
1176.0
1210.0
1524.0
1535.0
1529.0
1537.0
834.0
277.0
1209.0
1148.0
570.0
811.0
1230.0
1197.0
695.0
1538.0
691.0
738.0
1198.0
1191.0
1539.0
1199.0
988.0
1157.0
861.0
485.0
1249.0
1536.0
822.0
1378.0
550.0
1193.0
652.0
1196.0
1036.0
1163.0
1795.0
1667.0
1020.0
752.0
977.0
1203.0
979.0
1207.0
872.0
1173.0
966.0
1537.0
932.0
1164.0
1322.0
1667.0
1793.0
1191.0
1661.0
1154.0
1298.0
966.0
827.0
817.0
1229.0
786.0
814.0
731.0
1539.0
1532.0
514.0
1156.0
1538.0
1539.0
861.0
1540.0
491.0
814.0
1539.0
1539.0
1155.0
1536.0
1538.0
1538.0
993.0
1206.0
752.0
458.0
1203.0
1177.0
1536.0
713.0
1539.0
783.0
1135.0
1537.0
1537.0
1537.0
1538.0
829.0
1534.0
1214.0
1201.0
1535.0
1537.0
1536.0
1160.0
1537.0
731.0
1539.0
1172.0
550.0
1537.0
1206.0
1537.0
1207.0
1537.0
1537.0
1537.0
1154.0
1208.0
827.0
916.0
470.0
958.0
948.0
443.0
507.0
1118.0
1537.0
540.0
730.0
1187.0
1667.0
1539.0
1134.0
1537.0
895.0
749.0
831.0
660.0
1259.0
1194.0
1537.0
1196.0
699.0
1063.0
1538.0
1173.0
1539.0
1538.0
1409.0
1348.0
781.0
859.0
1194.0
869.0
731.0
1540.0
1194.0
1085.0
1165.0
937.0
763.0
1161.0
1196.0
1512.0
848.0
462.0
1533.0
807.0
505.0
1536.0
1195.0
1127.0
1202.0
1199.0
763.0
1341.0
985.0
1537.0
1441.0
989.0
1076.0
1434.0
550.0
611.0
220.0
173.0
236.0
251.0
914.0
469.0
59.0
144.0
605.0
529.0
712.0
599.0
191.0
17.0
38.0
1.0
798.0
1185.0
274.0
781.0
705.0
1099.0
999.0
621.0
641.0
981.0
603.0
1199.0
802.0
628.0
277.0
512.0
203.0
700.0
1111.0
670.0
1086.0
940.0
1101.0
1210.0
570.0
755.0
732.0
684.0
1118.0
987.0
940.0
965.0
229.0
891.0
398.0
621.0
1150.0
1728.0
1530.0
1087.0
1532.0
843.0
1614.0
47.0
835.0
1232.0
804.0
1375.0
1525.0
2187.0
843.0
824.0
1605.0
1664.0
1940.0
423.0
675.0
2169.0
1563.0
1524.0
772.0
1390.0
953.0
1432.0
945.0
897.0
841.0
1566.0
1471.0
1688.0
1942.0
1302.0
3059.0
483.0
2311.0
547.0
195.0
207.0
341.0
508.0
814.0
1126.0
1678.0
751.0
1215.0
1623.0
1052.0
1098.0
229.0
283.0
540.0
477.0
514.0
1117.0
209.0
389.0
448.0
225.0
210.0
1030.0
262.0
261.0
901.0
1055.0
590.0
536.0
1304.0
1067.0
1379.0
170.0
1036.0
196.0
850.0
1031.0
222.0
528.0
951.0
540.0
449.0
580.0
640.0
193.0
648.0
243.0
1288.0
256.0
1100.0
697.0
213.0
207.0
257.0
207.0
751.0
1685.0
864.0
941.0
1828.0
816.0
1343.0
758.0
841.0
257.0
649.0
181.0
557.0
195.0
235.0
508.0
312.0
400.0
496.0
422.0
560.0
350.0
426.0
861.0
536.0
239.0
513.0
343.0
532.0
223.0
242.0
218.0
559.0
215.0
728.0
461.0
813.0
883.0
197.0
1032.0
294.0
990.0
1149.0
784.0
1585.0
327.0
387.0
490.0
301.0
671.0
334.0
156.0
708.0
461.0
250.0
1706.0
1063.0
1411.0
1795.0
976.0
687.0
468.0
620.0
663.0
940.0
1235.0
1539.0
636.0
1088.0
199.0
753.0
1421.0
577.0
303.0
300.0
953.0
609.0
390.0
1257.0
1201.0
1795.0
764.0
851.0
1396.0
755.0
1446.0
872.0
1316.0
1080.0
1358.0
1357.0
1359.0
837.0
1164.0
865.0
1534.0
1647.0
1194.0
868.0
1273.0
1517.0
941.0
991.0
1228.0
1640.0
986.0
886.0
1806.0
732.0
853.0
905.0
958.0
623.0
1713.0
1673.0
1290.0
1790.0
1239.0
969.0
575.0
1165.0
1057.0
1057.0
680.0
989.0
878.0
754.0
853.0
876.0
948.0
1268.0
327.0
882.0
1657.0
955.0
1194.0
755.0
1004.0
1564.0
846.0
991.0
611.0
863.0
1132.0
1328.0
916.0
680.0
1255.0
988.0
999.0
1244.0
1065.0
899.0
890.0
664.0
574.0
688.0
189.0
620.0
710.0
514.0
630.0
712.0
622.0
872.0
786.0
545.0
1105.0
597.0
211.0
1413.0
827.0
800.0
787.0
726.0
803.0
789.0
542.0
504.0
1378.0
819.0
1081.0
1257.0
949.0
774.0
1532.0
636.0
1538.0
641.0
1404.0
1086.0
1084.0
1404.0
957.0
1096.0
647.0
934.0
631.0
1094.0
1233.0
1222.0
1091.0
1207.0
1537.0
1255.0
1185.0
725.0
1550.0
881.0
1728.0
1226.0
836.0
1792.0
598.0
1357.0
1537.0
1224.0
570.0
1535.0
1169.0
1203.0
1269.0
1281.0
1138.0
1238.0
1410.0
1070.0
935.0
1534.0
1224.0
1536.0
742.0
1227.0
962.0
1092.0
1392.0
1139.0
1534.0
1273.0
889.0
577.0
941.0
671.0
217.0
384.0
539.0
960.0
893.0
182.0
658.0
989.0
741.0
933.0
1062.0
986.0
1214.0
655.0
290.0
307.0
939.0
632.0
292.0
1039.0
1156.0
484.0
1097.0
706.0
581.0
896.0
693.0
1223.0
1256.0
906.0
1049.0
1149.0
1133.0
756.0
1399.0
1199.0
1004.0
1154.0
1170.0
846.0
1123.0
875.0
325.0
819.0
996.0
805.0
1212.0
1122.0
998.0
738.0
980.0
898.0
734.0
1021.0
859.0
939.0
919.0
1662.0
2095.0
1770.0
1730.0
1553.0
1566.0
1405.0
1010.0
1555.0
1330.0
1693.0
1530.0
1297.0
1142.0
1223.0
442.0
743.0
1058.0
828.0
639.0
1324.0
1218.0
1011.0
907.0
1543.0
884.0
817.0
1387.0
830.0
1125.0
669.0
738.0
752.0
624.0
142.0
79.0
96.0
107.0
217.0
794.0
550.0
542.0
1006.0
498.0
469.0
549.0
762.0
568.0
453.0
726.0
851.0
506.0
574.0
1248.0
823.0
1019.0
904.0
939.0
915.0
1022.0
1089.0
724.0
813.0
946.0
1062.0
717.0
785.0
1234.0
807.0
519.0
856.0
350.0
524.0
768.0
243.0
884.0
713.0
520.0
699.0
849.0
934.0
790.0
851.0
617.0
902.0
884.0
969.0
511.0
988.0
770.0
664.0
961.0
1084.0
274.0
1354.0
482.0
793.0
460.0
890.0
1108.0
539.0
496.0
1000.0
742.0
1019.0
671.0
1006.0
919.0
661.0
414.0
561.0
576.0
543.0
845.0
518.0
508.0
843.0
898.0
940.0
620.0
511.0
